ENLACE 0050 0051 00001 00001 0001
ENLACE 0051 0052 00001 00001 0001
ENLACE 0052 0053 00001 00001 0001
ENLACE 0051 0055 00001 00001 0001
ENLACE 0061 0062 00001 00001 0001

ENLACE 0062 0063 00010 00001 0001
ENLACE 0063 0064 00001 00001 0001
ENLACE 0063 0065 00001 00001 0001
ENLACE 0063 0066 00001 00001 0001
ENLACE 0064 0065 00001 00001 0001

ENLACE 0053 0084 00010 00001 0001
ENLACE 0084 0085 00001 00001 0001
ENLACE 0085 0086 00001 00001 0001
ENLACE 0086 0087 00001 00001 0001

ENLACE 0055 0056 00010 00001 0001
ENLACE 0056 0057 00001 00001 0001
ENLACE 0056 0058 00001 00001 0001
ENLACE 0056 0059 00001 00001 0001
ENLACE 0056 0060 00001 00001 0001
ENLACE 0056 0062 00001 00001 0001
ENLACE 0064 0070 00001 00001 0001
ENLACE 0067 0070 00001 00001 0001
ENLACE 0068 0100 00001 00001 0001
ENLACE 0069 0100 00001 00001 0001
ENLACE 0070 0100 00001 00001 0001
ENLACE 0060 0061 00001 00001 0001
ENLACE 0066 0067 00001 00001 0001
ENLACE 0065 0068 00001 00001 0001
ENLACE 0064 0069 00001 00001 0001
ENLACE 0053 0054 00001 00001 0001
ENLACE 0054 0055 00001 00001 0001

//Enlace 0087 0084 00001 00001 0001

Inicio 0084 0001 0100 0001 0001
Fin    0084 0001 0100 0001 0003

Inicio 0050 0001 0069 0001 0004
Fin    0050 0001 0069 0001 0005

Inicio 0055 0001 0056 0001 0006
Fin    0055 0001 0056 0001 0007

//

ENLACE 0001 0002 00030 00001 0001
ENLACE 0001 0003 00040 00002 0002
ENLACE 0001 0004 00050 00003 0003
ENLACE 0002 0003 00040 00004 0004
ENLACE 0002 0003 00045 00005 0002
ENLACE 0002 0004 00060 00006 0004
ENLACE 0003 0005 00080 00007 0003
ENLACE 0003 0005 00020 00003 0002
ENLACE 0004 0005 00070 00005 0005

Inicio 0001 0001 0001 0002 0001

Inicio 0001 0003 0001 0001 0010

Inicio 0001 0003 0001 0002 0012

// No imprime datos llamadas 1 y 2

Fin    0001 0001 0001 0002 0020

Inicio 0001 0003 0001 0001 0030

Inicio 0001 0002 0001 0003 0040

Fin    0001 0003 0001 0001 0050

// No imprime datos llamadas 3

Inicio 0001 0003 0001 0002 0100

Inicio 0001 0001 0001 0002 0110

Inicio 0001 0001 0001 0003 0120

Inicio 0001 0002 0001 0003 0125

Fin    0001 0003 0001 0002 0150

// OK

Inicio 0001 0004 0001 0001 0200

Inicio 0001 0002 0001 0004 0220

Fin    0001 0004 0001 0001 0240

// No imprime datos llamadas 4


Inicio 0001 0004 0001 0001 0250

Inicio 0001 0002 0001 0004 0270

Fin    0001 0004 0001 0001 0272

Inicio 0050 0001 0064 0001 0300

Inicio 0051 0001 0050 0001 0305

Fin    0050 0001 0064 0001 0310


